{"setup": [{"R": [1.0, 0.0, 0.0, 0.0, -0.17390757157340928, 0.9847619796425121, 0.0, -0.9847619796425121, -0.17390757157340928], "t": [-0.04783459, -3.77647, 0.781782]}, {"R": [0.7071068967259818, 0.12297120306605684, -0.6963317598810486, 0.7071066656470943, -0.122971243252425, 0.6963319874387512, 0.0, -0.9847619796425121, -0.17390757157340928], "t": [2.6365429411252226, -2.7041921397162647, 0.781782]}, {"R": [3.2679489653813835e-07, 0.17390757157339998, -0.9847619796424595, 0.9999999999999466, -5.683210685953117e-08, 3.218151892519671e-07, 0.0, -0.9847619796425121, -0.17390757157340928], "t": [3.7764699843676985, -0.04783582413112038, 0.781782]}, {"R": [-0.7071064345681316, 0.12297128343877997, -0.6963322149963792, 0.7071071278047935, 0.12297116287967559, -0.6963315323232717, 0.0, -0.9847619796425121, -0.17390757157340928], "t": [2.704193001324897, 2.6365420574088922, 0.781782]}, {"R": [-0.9999999999997864, 1.1366421371905628e-07, -6.436303785038998e-07, 6.535897930762419e-07, 0.17390757157337214, -0.9847619796423017, 0.0, -0.9847619796425121, -0.17390757157340928], "t": [0.04783705826223564, 3.776469968734994, 0.781782]}, {"R": [-0.7071073588835302, -0.12297112269328113, 0.6963313047654202, -0.7071062034890929, 0.12297132362512192, -0.6963324425539335, 0.0, -0.9847619796425121, -0.17390757157340928], "t": [-2.6365411736922786, 2.7041938629332427, 0.781782]}, {"R": [-9.803846891701863e-07, -0.1739075715733257, 0.9847619796420388, -0.9999999999995194, 1.7049632050133878e-07, -9.654455673184415e-07, 0.0, -0.9847619796425121, -0.17390757157340928], "t": [-3.7764699531018855, 0.047838292393344126, 0.781782]}, {"R": [0.7071059724099793, -0.12297136381145062, 0.6963326701114126, -0.7071075899621907, -0.12297108250687364, 0.6963310772074948, 0.0, -0.9847619796425121, -0.17390757157340928], "t": [-2.7041947245412974, -2.636540289975385, 0.781782]}]}
