{"setup": [{"R": [0.9992446910235099, -0.010719952535076885, 0.03735144011917123, -0.004880053721468398, -0.988204332320814, -0.1530633289133945, 0.03855168656499891, 0.15276544177273896, -0.9875102466622683], "t": [-0.04783459, 0.79178219, 3.77646524]}, {"R": [0.7338329670815948, 0.10044130978789875, -0.6718636168987827, -0.004880053721468398, -0.988204332320814, -0.1530633289133945, -0.679312418184666, 0.11560164735186845, -0.7246867582822496], "t": [2.636539575297494, 0.79178219, 2.704188773887436]}, {"R": [0.03855201311306227, 0.15276543826950503, -0.9875102344559555, -0.004880053721468398, -0.988204332320814, -0.1530633289133945, -0.999244678424962, 0.01072000245804305, -0.037351762832478125], "t": [3.776465224367698, 0.79178219, 0.04783582412956484]}, {"R": [-0.6793121783717614, 0.11560168017556968, -0.7246869778438119, -0.004880053721468398, -0.988204332320814, -0.1530633289133945, -0.7338331890773868, -0.10044127200986502, 0.6718633800748128], "t": [2.7041896354949686, 0.79178219, -2.6365386915822637]}, {"R": [-0.9992446658263076, 0.010720052381008073, -0.037352085545781025, -0.004880053721468398, -0.988204332320814, -0.1530633289133945, -0.03855233966112152, -0.15276543476625476, 0.9875102222495373], "t": [0.04783705825912456, 0.79178219, -3.7764652087349937]}, {"R": [-0.7338334110731011, -0.10044123423182051, 0.6718631432507707, -0.004880053721468398, -0.988204332320814, -0.1530633289133945, 0.6793119385587837, -0.11560171299925864, 0.7246871974052973], "t": [-2.6365378078667496, 0.79178219, -2.704190497102214]}, {"R": [-0.038552666209176197, -0.1527654312629882, 0.9875102100430136, -0.004880053721468398, -0.988204332320814, -0.1530633289133945, 0.9992446532275463, -0.010720102303971881, 0.037352408259079505], "t": [-3.776465193101885, 0.79178219, -0.0478382923886775]}, {"R": [0.6793116987457342, -0.11560174582293518, 0.7246874169667047, -0.004880053721468398, -0.988204332320814, -0.1530633289133945, 0.7338336330687362, 0.10044119645376536, -0.6718629064266575], "t": [-2.704191358709169, 0.79178219, 2.636536924150956]}]}