{"setup": [{"R": [0.9992446910235099, -0.010719952535076885, 0.03735144011917123, -0.004880053721468398, -0.988204332320814, -0.1530633289133945, 0.03855168656499891, 0.15276544177273896, -0.9875102466622683], "t": [-0.04783459, 0.79178219, 3.77646524]}, {"R": [0.6801613602597624, -0.010719952535076885, 0.7329840425461086, 0.10478138049795127, -0.988204332320814, -0.11168285402566484, 0.7255352412602253, 0.15276544177273896, -0.6710151514604171], "t": [2.636539575297494, 0.79178219, 2.704188773887436]}, {"R": [-0.037351113571103815, -0.010719952535076885, 0.9992447032297165, 0.15306332731860967, -0.988204332320814, -0.004880103741782873, 0.98751025926071, 0.15276544177273896, 0.03855136385168796], "t": [3.776465224367698, 0.79178219, 0.04783582412956484]}, {"R": [-0.7329838202728083, -0.010719952535076885, 0.6801615997951701, 0.11168288826767925, -0.988204332320814, 0.10478134400055898, 0.6710153885615951, 0.15276544177273896, 0.7255350219758597], "t": [2.7041896354949686, 0.79178219, -2.6365386915822637]}, {"R": [-0.9992447154358164, -0.010719952535076885, -0.03735078702303241, 0.004880153762096827, -0.988204332320814, 0.1530633257238085, -0.0385510411383729, 0.15276544177273896, 0.9875102718590462], "t": [0.04783705825912456, 0.79178219, -3.7764652087349937]}, {"R": [-0.6801618393305058, -0.010719952535076885, -0.7329835979994292, -0.10478130750315542, -0.988204332320814, 0.1116829225096818, -0.7255348026914162, 0.15276544177273896, 0.6710156256627021], "t": [-2.6365378078667496, 0.79178219, -2.704190497102214]}, {"R": [0.037350460474957464, -0.010719952535076885, -0.9992447276418096, -0.15306332412899099, -0.988204332320814, 0.004880203782410193, -0.987510284457277, 0.15276544177273896, -0.038550718425054156], "t": [-3.776465193101885, 0.79178219, -0.0478382923886775]}, {"R": [0.7329833757259726, -0.010719952535076885, -0.6801620788657682, -0.11168295675167234, -0.988204332320814, -0.10478127100574078, -0.6710158627637367, 0.15276544177273896, -0.7255345834068959], "t": [-2.704191358709169, 0.79178219, 2.636536924150956]}, {"R": [0.9992446910235099, -0.037707270232508104, 0.009391977051874844, -0.004880053721468398, -0.3615456380565963, -0.9323416416088709, 0.03855168656499891, 0.9315916022452442, -0.36145657289518585], "t": [-0.04783459, 3.666405667361888, 1.2025299279710584]}, {"R": [0.9992446910235099, 0.026987313652254777, 0.027959477161870503, -0.004880053721468398, -0.6266590671633391, 0.7792782549369958, 0.03855168656499891, -0.7788261028264323, -0.6260540464042905], "t": [-0.04783459, -2.874623178582705, 2.573936737078928]}]}